local OrionLib = loadstring(game:HttpGet(('https://raw.githubusercontent.com/HeyyyRappp/HeyyyRappp/main/HeyyyRappp/Library')))()
local Window = OrionLib:MakeWindow({Name = "[CNR]HeyyyRappp.#1118 | SW Hub | AFS", HidePremium = false, IntroText = "SW Hub", SaveConfig = true, ConfigFolder = "SW Hub AFS"})
---
OrionLib:MakeNotification({
	Name = "SW Hub LOADED!",
	Content = "ANIME FIGHTING SIMULATOR LOADED",
	Image = "rbxassetid://4257933480",
	Time = 5
})
---
local Tab = Window:MakeTab({
	Name = "About Script",
	Icon = "rbxassetid://7733960981",
	PremiumOnly = false
})
---
local Section = Tab:AddSection({
	Name = "Last Update Features:"
})
---
Tab:AddLabel("Auto Dodge")
Tab:AddLabel("On and Off Infinite Spin")
---
local Section = Tab:AddSection({
	Name = "Supported Game"
})
---
Tab:AddLabel("Anime Fighting Simulator")
Tab:AddLabel("Anime Wars")
Tab:AddLabel("Super Power Fighting Simulator")
Tab:AddLabel("Ladders Hard Obby")
Tab:AddLabel("Pinoy RP Hangout")

local Section = Tab:AddSection({
	Name = "CONTACT INFO"
})
Tab:AddLabel("DISCORD: [CNR]HeyyyRappp.#1118")
Tab:AddLabel("FACEBOOK: matthew欲.")
Tab:AddLabel("YOUTUBE: [CNR]HeyyyRappp.")
---
local Tab = Window:MakeTab({
	Name = "Auto Train",
	Icon = "rbxassetid://7733955740",
	PremiumOnly = false
})
---
_G.autoTrain1 = true
function autoTrain1()
while _G.autoTrain1 == true do
local Send = require(game.Players.LocalPlayer.PlayerGui.Main.MainClient.StatModuleClient)
local A_1 = "Stat"
local A_2 = "Strength"
Send.SendToServer("Strength")
local Event = game:GetService("ReplicatedStorage").RSPackage.Events.StatFunction
Event:InvokeServer(A_1, A_2)
end
end
---
Tab:AddToggle({
	Name = "Auto Strength",
	Default = false,
	Callback = function(Value)
        _G.autoTrain1 = Value
        autoTrain1()
	end    
})
---
_G.autoTrain2 = true
function autoTrain2()
while _G.autoTrain2 == true do
local Send = require(game.Players.LocalPlayer.PlayerGui.Main.MainClient.StatModuleClient)
local A_1 = "Stat"
local A_2 = "Durability"
Send.SendToServer("Durability")
local Event = game:GetService("ReplicatedStorage").RSPackage.Events.StatFunction
Event:InvokeServer(A_1, A_2)
end
end
---
Tab:AddToggle({
	Name = "Auto Durability",
	Default = false,
	Callback = function(Value)
        _G.autoTrain2 = Value
        autoTrain2()
	end    
})
---
---
_G.autoTrain3 = true
function autoTrain3()
while _G.autoTrain3 == true do
local Send = require(game.Players.LocalPlayer.PlayerGui.Main.MainClient.StatModuleClient)
local A_1 = "Stat"
local A_2 = "Chakra"
Send.SendToServer("Chakra")
local Event = game:GetService("ReplicatedStorage").RSPackage.Events.StatFunction
Event:InvokeServer(A_1, A_2)
end
end
---
Tab:AddToggle({
	Name = "Auto Chakra",
	Default = false,
	Callback = function(Value)
        _G.autoTrain3 = Value
        autoTrain3()
	end    
})
---
---
_G.autoTrain4 = true
function autoTrain4()
while _G.autoTrain4 == true do
local Send = require(game.Players.LocalPlayer.PlayerGui.Main.MainClient.StatModuleClient)
local A_1 = "Stat"
local A_2 = "Sword"
Send.SendToServer("Sword")
local Event = game:GetService("ReplicatedStorage").RSPackage.Events.StatFunction
Event:InvokeServer(A_1, A_2)
end
end
---
Tab:AddToggle({
	Name = "Auto Sword",
	Default = false,
	Callback = function(Value)
        _G.autoTrain4 = Value
        autoTrain4()
	end    
})
---
---
_G.autoTrain5 = true
function autoTrain5()
while _G.autoTrain5 == true do
local Send = require(game.Players.LocalPlayer.PlayerGui.Main.MainClient.StatModuleClient)
local A_1 = "Stat"
local A_2 = "Speed"
Send.SendToServer("Speed")
local Event = game:GetService("ReplicatedStorage").RSPackage.Events.StatFunction
Event:InvokeServer(A_1, A_2)
end
end
---
Tab:AddToggle({
	Name = "Auto Speed",
	Default = false,
	Callback = function(Value)
        _G.autoTrain5 = Value
        autoTrain5()
 end
})
---
---
_G.autoTrain6 = true
function autoTrain6()
while _G.autoTrain6 == true do
local Send = require(game.Players.LocalPlayer.PlayerGui.Main.MainClient.StatModuleClient)
local A_1 = "Stat"
local A_2 = "Agility"
Send.SendToServer("Agility")
local Event = game:GetService("ReplicatedStorage").RSPackage.Events.StatFunction
Event:InvokeServer(A_1, A_2)
end
end
---
Tab:AddToggle({
	Name = "Auto Agility",
	Default = false,
	Callback = function(Value)
        _G.autoTrain6 = Value
        autoTrain6()
	end    
})
---
local Tab = Window:MakeTab({
	Name = "Auto Stats",
	Icon = "rbxassetid://8997387110",
	PremiumOnly = false
})
---
local Section = Tab:AddSection({
	Name = "Auto Stats"
})
---
Tab:AddToggle({Name = "Auto Stat Strength", Default = false, Callback = function(state)
if state then
_G.asd1 = true
while _G.asd1 == true do wait()
game:GetService("ReplicatedStorage").RSPackage.Events.GeneralFunction:InvokeServer("Upgrade","Strength")
end
else
   while _G.asd1 == true do wait()
   _G.asd1 = false
   end
   end
 end})
---
Tab:AddToggle({Name = "Auto Stat Durability", Default = false, Callback = function(state)
if state then
_G.asd2 = true
while _G.asd2 == true do wait()
game:GetService("ReplicatedStorage").RSPackage.Events.GeneralFunction:InvokeServer("Upgrade","Durability")
end
else
   while _G.asd2 == true do wait()
   _G.asd2 = false
   end
   end
 end})
---
Tab:AddToggle({Name = "Auto Stat Chakra", Default = false, Callback = function(state)
if state then
_G.asd3 = true
while _G.asd3 == true do wait()
game:GetService("ReplicatedStorage").RSPackage.Events.GeneralFunction:InvokeServer("Upgrade","Chakra")
end
else
   while _G.asd3 == true do wait()
   _G.asd3 = false
   end
   end
 end})
---
Tab:AddToggle({Name = "Auto Stat Sword", Default = false, Callback = function(state)
if state then
_G.asd4 = true
while _G.asd4 == true do wait()
game:GetService("ReplicatedStorage").RSPackage.Events.GeneralFunction:InvokeServer("Upgrade","Sword")
end
else
   while _G.asd4 == true do wait()
   _G.asd4 = false
   end
   end
 end})
---
Tab:AddToggle({Name = "Auto Stat Speed", Default = false, Callback = function(state)
if state then
_G.asd5 = true
while _G.asd5 == true do wait()
game:GetService("ReplicatedStorage").RSPackage.Events.GeneralFunction:InvokeServer("Upgrade","Speed")
end
else
   while _G.asd5 == true do wait()
   _G.asd5 = false
   end
   end
 end})
---
Tab:AddToggle({Name = "Auto Stat Agility", Default = false, Callback = function(state)
if state then
_G.asd6 = true
while _G.asd6 == true do wait()
game:GetService("ReplicatedStorage").RSPackage.Events.GeneralFunction:InvokeServer("Upgrade","Agility")
end
else
   while _G.asd6 == true do wait()
   _G.asd6 = false
   end
   end
 end})
---
local Tab = Window:MakeTab({
	Name = "Auto Dodge",
	Icon = "rbxassetid://7734032056",
	PremiumOnly = false
})
---
Tab:AddButton({
	Name = "Open Auto Dodge GUI",
	Callback = function()
---
local OrionLib = loadstring(game:HttpGet(('https://raw.githubusercontent.com/HeyyyRappp/HeyyyRappp/main/HeyyyRappp/Library')))()
local Window = OrionLib:MakeWindow({Name = "[CNR]HeyyyRappp.#1118 | SW Hub | AFS(DODGE)", HidePremium = false, IntroText = "SW Hub", SaveConfig = true, ConfigFolder = "OrionTest"})
OrionLib:MakeNotification({
	Name = "DIMENSION 1 LOADED!",
	Content = "Anime Fighting Simulator Auto Dodge LOADED!",
	Image = "rbxassetid://7743870134",
	Time = 5
})
---
local Tab = Window:MakeTab({
	Name = "Dodge Section",
	Icon = "rbxassetid://6847941113",
	PremiumOnly = false
})
---
local Section = Tab:AddSection({
	Name = "Requirements to work"
})
---
Tab:AddLabel("1. Need Copy Eyes and Lord Crimson")
Tab:AddLabel("2. Bloodline Hotkey: 5 and Stand Hotkey: 6")
Tab:AddLabel("3. Do Spam Click For Fast Dodging!")
---
Tab:AddButton({
	Name = "Start Dodging!",
	Callback = function()
---
while true do
local A_1 = "Summon"
local A_2 = "Bloodlines"
local Event = game:GetService("ReplicatedStorage").RSPackage.Events.GeneralFunction
Event:InvokeServer(A_1, A_2)
local A_1 = "SpecialAction"
local A_2 = 
{
["MouseCF"] = CFrame.new(228.599976, 97.939949, 36.1852913, -0.453364938, -0.079977639, -0.887729645, -0, 0.995966315, -0.0897289217, 0.891325057, -0.0406799465, -0.451536149), 
["Key"] = "C", 
["MousePos"] = Vector3.new(228.5999755859375, 97.93994903564453, 36.1852912902832), 
["Request"] = "Power", 
["MouseHit"] = game:GetService("Workspace").Buildings.Building1.Glass
}
local Event = game:GetService("ReplicatedStorage").RSPackage.Events.GeneralEvent
Event:FireServer(A_1, A_2)
local A_1 = "Summon"
local A_2 = "Bloodlines"
local Event = game:GetService("ReplicatedStorage").RSPackage.Events.GeneralFunction
Event:InvokeServer(A_1, A_2)
local A_1 = "Summon"
local A_2 = "Stand"
local Event = game:GetService("ReplicatedStorage").RSPackage.Events.GeneralFunction
Event:InvokeServer(A_1, A_2)
local A_1 = "SpecialAction"
local A_2 = 
{
["MouseCF"] = CFrame.new(228.599976, 97.939949, 36.1852913, -0.453364938, -0.079977639, -0.887729645, -0, 0.995966315, -0.0897289217, 0.891325057, -0.0406799465, -0.451536149), 
["Key"] = "C", 
["MousePos"] = Vector3.new(228.5999755859375, 97.93994903564453, 36.1852912902832), 
["Request"] = "Power", 
["MouseHit"] = game:GetService("Workspace").Buildings.Building1.Glass
}
local Event = game:GetService("ReplicatedStorage").RSPackage.Events.GeneralEvent
Event:FireServer(A_1, A_2)
wait()
end
---
      		print("button pressed")
  	end    
})
---
      		print("button pressed")
  	end    
})
---
local Tab = Window:MakeTab({
	Name = "Infinite Spin",
	Icon = "rbxassetid://7743870134",
	PremiumOnly = false
})
---
local Section = Tab:AddSection({
	Name = "Infinite Spinning Menu"
})
---
Tab:AddToggle({Name = "Infinite Spin", Default = false, Callback = function(state)
repeat wait() until game:IsLoaded()
local PlaceId = game.PlaceId
if PlaceId == 7220975160 or PlaceId == 7220986579 then
if state then
_G.loop = true
while _G.loop == true do wait()
local replicated = game:GetService("ReplicatedStorage")
local multiplier = 25
for i = 1, multiplier do
task.spawn(function()
replicated.RSPackage.Events.GeneralFunction:InvokeServer("LotteryRandomDraw")
replicated.RSPackage.Events.GeneralEvent:FireServer("SpinFinished")
end)
end
end
else
   while _G.loop == true do wait()
   _G.loop = false
   end
   end
else
wait()
game.StarterGui:SetCore("SendNotification", {
Title = "Only in Dungeon";
Text = "";
Icon = "rbxassetid://";
Duration = 5;
})
end
end})
---
Tab:AddToggle({Name = "Teleport in Dungeon's Portal", Default = false, Callback = function(state)
repeat wait() until game:IsLoaded()
local PlaceId = game.PlaceId
if PlaceId == 4042427666 then
if state then
_G.loop = true
while _G.loop == true do wait()
game.Players.LocalPlayer.Character.HumanoidRootPart.CFrame = CFrame.new(-998.513367, 69.5448837, -71.3759918, 0.353153408, -1.20725232e-07, 0.935565412, 2.43487008e-08, 1, 1.19848806e-07, -0.935565412, -1.95452134e-08, 0.353153408)
end
else
   while _G.loop == true do wait()
   _G.loop = false
   end
   end
else
wait()
game.StarterGui:SetCore("SendNotification", {
Title = "Lol";
Text = "You are not in Dimension 1";
Icon = "rbxassetid://";
Duration = 5;
})
end
end})
---
local Section = Tab:AddSection({
	Name = "Remove Notification and Chest Animation"
})
---
Tab:AddButton({
	Name = "Remove!",
	Callback = function()
---
repeat wait() until game:IsLoaded() and game.Players.LocalPlayer ~= nil and game.Players.LocalPlayer.Character ~= nil
local plr = game.Players.LocalPlayer
repeat wait() until plr.PlayerGui ~= nil and plr.PlayerGui.Main ~= nil and plr.PlayerGui.Main.Notifs ~= nil
game.Players.LocalPlayer.PlayerGui.Main.Notifs:Destroy()
repeat wait() until workspace.MouseIgnore ~= nil
workspace.MouseIgnore:Destroy()
---
      		print("button pressed")
  	end    
})
---
local Tab = Window:MakeTab({
	Name = "Chakra Section",
	Icon = "rbxassetid://7733798747",
	PremiumOnly = false
})
---
local Section = Tab:AddSection({
	Name = "Chakra Section"
})
---
Tab:AddButton({
	Name = "Massive Chakra(FIXED)",
	Callback = function()
---
game.Players.LocalPlayer.Character.HumanoidRootPart.CFrame = CFrame.new(2177.17944, 793.480713, 241.19574, -0.952738822, -8.63838068e-08, 0.30379054, -6.65742732e-08, 1, 7.55649125e-08, -0.30379054, 5.17689926e-08, -0.952738822)
Game.StarterGui:SetCore("SendNotification",{Title = "ACTIVE", Text = "SUBSCRIBE TO [CNR]HeyyyRappp. IN YOUTUBE", Duration = 5})
wait(2)
Game.StarterGui:SetCore("SendNotification",{Title = "HI", Text = "This feature has low chance to work, if did not work try or server hop", Duration = 5})
wait(2)
local Player = game.Players.LocalPlayer
local Character = Player.Character
local Humanoid = Character.Humanoid
local Send = require(game.Players.LocalPlayer.PlayerGui.Main.MainClient.StatModuleClient)
for i=1,2 do
coroutine.wrap(function()
coroutine.wrap(function()
for i = 1,2000 do 
task.spawn(function()
Send.SendToServer("Chakra")
end)
end
end)()
end)()
wait(.5)
end
wait(1)
Humanoid.Health = 0
wait(1)
for i=1,3 do
coroutine.wrap(function()
coroutine.wrap(function()
for i = 1,700 do 
task.spawn(function()
Send.SendToServer("Chakra")
end)
end
end)()
end)()
wait(.5)
end
---
      		print("button pressed")
  	end    
---
})
Tab:AddButton({
	Name = "Massive Chakra V2(FIXED)",
	Callback = function()
---
game.StarterGui:SetCore("SendNotification",{Title = "MASSIVE CHAKRA V2", Text = "", Duration = 2})
wait(2)
local Player = game.Players.LocalPlayer
local Character = Player.Character
local Humanoid = Character.Humanoid
local Send = require(game.Players.LocalPlayer.PlayerGui.Main.MainClient.StatModuleClient)
for i=1,2 do
coroutine.wrap(function()
coroutine.wrap(function()
for i = 1,700 do 
task.spawn(function()
Send.SendToServer("Chakra")
end)
end
end)()
end)()
wait(.5)
end
wait(1)
Humanoid.Health = 0
wait(1)
for i=1,3 do
coroutine.wrap(function()
coroutine.wrap(function()
for i = 1,1000 do 
task.spawn(function()
Send.SendToServer("Chakra")
end)
end
end)()
end)()
wait(.5)
end
---
      		print("button pressed")
  	end    
})
---
Tab:AddToggle({Name = "Auto Massive Chakra V2", Default = false, Callback = function(state)
if state then
_G.loops = true
while _G.loops == true do wait(35)
---
game.Players.LocalPlayer.Character.HumanoidRootPart.CFrame = CFrame.new(-289.280121, -311.512604, 615.095215, -0.154752657, 2.06776871e-08, 0.987953246, 2.06847055e-08, 1, -1.76897785e-08, -0.987953246, 1.76979817e-08, -0.154752657)
Game.StarterGui:SetCore("SendNotification",{Title = "ACTIVE", Text = "SUBSCRIBE TO [CNR]HeyyyRappp. IN YOUTUBE", Duration = 5})
wait(2)
Game.StarterGui:SetCore("SendNotification",{Title = "HI", Text = "This feature has low chance to work, if did not work try or server hop", Duration = 5})
wait(2)
local Player = game.Players.LocalPlayer
local Character = Player.Character
local Humanoid = Character.Humanoid
local Send = require(game.Players.LocalPlayer.PlayerGui.Main.MainClient.StatModuleClient)
for i=1,2 do
coroutine.wrap(function()
coroutine.wrap(function()
for i = 1,2000 do 
task.spawn(function()
Send.SendToServer("Chakra")
end)
end
end)()
end)()
wait(.5)
end
wait(1)
Humanoid.Health = 0
wait(1)
for i=1,3 do
coroutine.wrap(function()
coroutine.wrap(function()
for i = 1,700 do 
task.spawn(function()
Send.SendToServer("Chakra")
end)
end
end)()
end)()
wait(.5)
end
---
end
else
   while _G.loops == true do wait()
   _G.loops = false
   end
   end
 end})
---
local Tab = Window:MakeTab({
	Name = "Conceal Menu",
	Icon = "rbxassetid://7743871002",
	PremiumOnly = false
})
---
local Section = Tab:AddSection({
	Name = "Conceal Menu"
})
---
Tab:AddButton({
	Name = "Show",
	Callback = function()
---
local a = game:GetService("Players"):GetChildren()
for i = 1,#a do
if not game:GetService("Workspace")[a[i].Name].HumanoidRootPart then
game:GetService("Workspace")[a[i].Name].HumanoidRootPart.TotalPower.Enabled = true
else
if game:GetService("Workspace")[a[i].Name].HumanoidRootPart then
game:GetService("Workspace")[a[i].Name].HumanoidRootPart.TotalPower.Enabled = true
end
end
end
---
      		print("button pressed")
  	end    
})
---
Tab:AddButton({
	Name = "Hide",
	Callback = function()
---
local a = game:GetService("Players"):GetChildren()
for i = 1,#a do
if not game:GetService("Workspace")[a[i].Name].HumanoidRootPart then
game:GetService("Workspace")[a[i].Name].HumanoidRootPart.TotalPower.Enabled = false
else
if game:GetService("Workspace")[a[i].Name].HumanoidRootPart then
game:GetService("Workspace")[a[i].Name].HumanoidRootPart.TotalPower.Enabled = false
end
end
end
---
      		print("button pressed")
  	end    
})
---
local Tab = Window:MakeTab({
	Name = "Teleport Dims",
	Icon = "rbxassetid://7734068495",
	PremiumOnly = false
})
---
local Section = Tab:AddSection({
	Name = "Dungeon"
})
---
Tab:AddButton({
	Name = "Dungeon 1",
	Callback = function()
---
local dung = {7220975160}
if not table.find(dung,game.PlaceId) then
game:GetService("TeleportService"):Teleport(dung[math.random(1,#dung)])
return
end
game:GetService("TeleportService"):Teleport(game.PlaceId, game:GetService("Players").LocalPlayer)
---
    print("button pressed")
  	end    
})
---
Tab:AddButton({
	Name = "Dungeon 2",
	Callback = function()
---
local dung = {7220986579}
if not table.find(dung,game.PlaceId) then
game:GetService("TeleportService"):Teleport(dung[math.random(1,#dung)])
return
end
game:GetService("TeleportService"):Teleport(game.PlaceId, game:GetService("Players").LocalPlayer)
---
    print("button pressed")
  	end    
})
---
local Section = Tab:AddSection({
	Name = "Dimension 1 to 6"
})
---
Tab:AddButton({
	Name = "Dimension 1",
	Callback = function()
---
local dung = {4042427666}
if not table.find(dung,game.PlaceId) then
game:GetService("TeleportService"):Teleport(dung[math.random(1,#dung)])
return
end
game:GetService("TeleportService"):Teleport(game.PlaceId, game:GetService("Players").LocalPlayer)
---
    print("button pressed")
  	end    
})
---
Tab:AddButton({
	Name = "Dimension 2",
	Callback = function()
---
local dung = {5113678354}
if not table.find(dung,game.PlaceId) then
game:GetService("TeleportService"):Teleport(dung[math.random(1,#dung)])
return
end
game:GetService("TeleportService"):Teleport(game.PlaceId, game:GetService("Players").LocalPlayer)
---
    print("button pressed")
  	end    
})
---
Tab:AddButton({
	Name = "Dimension 3",
	Callback = function()
---
local dung = {5113680396}
if not table.find(dung,game.PlaceId) then
game:GetService("TeleportService"):Teleport(dung[math.random(1,#dung)])
return
end
game:GetService("TeleportService"):Teleport(game.PlaceId, game:GetService("Players").LocalPlayer)
---
    print("button pressed")
  	end    
})
---
Tab:AddButton({
	Name = "Dimension 4",
	Callback = function()
---
local dung = {5445525505}
if not table.find(dung,game.PlaceId) then
game:GetService("TeleportService"):Teleport(dung[math.random(1,#dung)])
return
end
game:GetService("TeleportService"):Teleport(game.PlaceId, game:GetService("Players").LocalPlayer)
---
    print("button pressed")
  	end    
})
---
Tab:AddButton({
	Name = "Dimension 5",
	Callback = function()
---
local dung = {6479720355}
if not table.find(dung,game.PlaceId) then
game:GetService("TeleportService"):Teleport(dung[math.random(1,#dung)])
return
end
game:GetService("TeleportService"):Teleport(game.PlaceId, game:GetService("Players").LocalPlayer)
---
    print("button pressed")
  	end    
})
---
Tab:AddButton({
	Name = "Dimension 6",
	Callback = function()
---
local dung = {9386500519}
if not table.find(dung,game.PlaceId) then
game:GetService("TeleportService"):Teleport(dung[math.random(1,#dung)])
return
end
game:GetService("TeleportService"):Teleport(game.PlaceId, game:GetService("Players").LocalPlayer)
---
    print("button pressed")
  	end    
})
---
local Section = Tab:AddSection({
	Name = "Boss Dimensions"
})
---
Tab:AddButton({
	Name = "Azaka",
	Callback = function()
---
local plr = game.Players.LocalPlayer
local dung = {7220992373}
if not table.find(dung,game.PlaceId) then
game:GetService("TeleportService"):Teleport(dung[math.random(1,#dung)])
return
end
game:GetService("TeleportService"):Teleport(game.PlaceId, game:GetService("Players").LocalPlayer)
---
      		print("button pressed")
  	end    
})
---
Tab:AddButton({
	Name = "Inferno",
	Callback = function()
---
local plr = game.Players.LocalPlayer
local dung = {6479693773}
if not table.find(dung,game.PlaceId) then
game:GetService("TeleportService"):Teleport(dung[math.random(1,#dung)])
return
end
game:GetService("TeleportService"):Teleport(game.PlaceId, game:GetService("Players").LocalPlayer)
---
      		print("button pressed")
  	end    
})
---
Tab:AddButton({
	Name = "Christmas Boss",
	Callback = function()
---
local plr = game.Players.LocalPlayer
local dung = {6138035804}
if not table.find(dung,game.PlaceId) then
game:GetService("TeleportService"):Teleport(dung[math.random(1,#dung)])
return
end
game:GetService("TeleportService"):Teleport(game.PlaceId, game:GetService("Players").LocalPlayer)
---
      		print("button pressed")
  	end    
})
---
local Tab = Window:MakeTab({
	Name = "Free Gamepass",
	Icon = "rbxassetid://7734058599",
	PremiumOnly = false
})
---
local Section = Tab:AddSection({
	Name = "Unlocked Fast Flight"
})
---
Tab:AddButton({
	Name = "Unlocked",
	Callback = function()
---
game:GetService("Players").LocalPlayer.UserId = 34170410
---
      		print("button pressed")
  	end    
})
---
local Tab = Window:MakeTab({
	Name = "Chakra Area",
	Icon = "rbxassetid://7733798747",
	PremiumOnly = false
})
---
local Section = Tab:AddSection({
	Name = "Dimension 1"
})
---
Tab:AddButton({
	Name = "500 Chakra",
	Callback = function()
---
repeat wait() until game:IsLoaded()
local PlaceId = game.PlaceId
if PlaceId == 4042427666 then
game.Players.LocalPlayer.Character.HumanoidRootPart.CFrame = CFrame.new(26.9698143, 66.9107437, -102.337616, 0.834553957, -6.73698519e-09, 0.550926208, -3.82410237e-09, 1, 1.80212965e-08, -0.550926208, -1.71465437e-08, 0.834553957)
else
wait()
game.StarterGui:SetCore("SendNotification", {
Title = "IDIOT";
Text = "ONLY IN DIM 1";
Icon = "rbxassetid://4257933480";
Duration = 5;
})
end
---
      		print("button pressed")
  	end    
})
---
Tab:AddButton({
	Name = "15K Chakra",
	Callback = function()
---
repeat wait() until game:IsLoaded()
local PlaceId = game.PlaceId
if PlaceId == 4042427666 then
game.Players.LocalPlayer.Character.HumanoidRootPart.CFrame = CFrame.new(1436.6283, 147.224792, -574.932129, -0.405465156, 5.76809427e-08, 0.914110482, 7.120736e-08, 1, -3.15157074e-08, -0.914110482, 5.2312874e-08, -0.405465156)
else
wait()
game.StarterGui:SetCore("SendNotification", {
Title = "IDIOT";
Text = "ONLY IN DIM 1";
Icon = "rbxassetid://4257933480";
Duration = 5;
})
end
---
      		print("button pressed")
  	end    
})
---
Tab:AddButton({
	Name = "150K Chakra",
	Callback = function()
---
repeat wait() until game:IsLoaded()
local PlaceId = game.PlaceId
if PlaceId == 4042427666 then
game.Players.LocalPlayer.Character.HumanoidRootPart.CFrame = CFrame.new(941.812256, 141.224792, 802.987, 0.640981019, -4.11101597e-09, 0.767556727, 4.46412187e-08, 1, -3.19235802e-08, -0.767556727, 5.4727078e-08, 0.640981019)
else
wait()
game.StarterGui:SetCore("SendNotification", {
Title = "IDIOT";
Text = "ONLY IN DIM 1";
Icon = "rbxassetid://4257933480";
Duration = 5;
})
end
---
      		print("button pressed")
  	end    
})
---
Tab:AddButton({
	Name = "1.5M Chakra",
	Callback = function()
---
repeat wait() until game:IsLoaded()
local PlaceId = game.PlaceId
if PlaceId == 4042427666 then
game.Players.LocalPlayer.Character.HumanoidRootPart.CFrame = CFrame.new(1586.47498, 388.424744, 685.63147, 0.571964324, 1.91557081e-08, 0.820278525, 3.51704177e-09, 1, -2.58050523e-08, -0.820278525, 1.76445223e-08, 0.571964324)
else
wait()
game.StarterGui:SetCore("SendNotification", {
Title = "IDIOT";
Text = "ONLY IN DIM 1";
Icon = "rbxassetid://4257933480";
Duration = 5;
})
end
---
      		print("button pressed")
  	end    
})
---
Tab:AddButton({
	Name = "15M Chakra",
	Callback = function()
---
repeat wait() until game:IsLoaded()
local PlaceId = game.PlaceId
if PlaceId == 4042427666 then
game.Players.LocalPlayer.Character.HumanoidRootPart.CFrame = CFrame.new(366.210632, -149.775208, -1805.37073, -0.236394361, 4.84432654e-08, 0.971657217, -2.40191813e-08, 1, -5.56999566e-08, -0.971657217, -3.65055648e-08, -0.236394361)
else
wait()
game.StarterGui:SetCore("SendNotification", {
Title = "IDIOT";
Text = "ONLY IN DIM 1";
Icon = "rbxassetid://4257933480";
Duration = 5;
})
end
---
      		print("button pressed")
  	end    
})
---
Tab:AddButton({
	Name = "250M Chakra",
	Callback = function()
---
repeat wait() until game:IsLoaded()
local PlaceId = game.PlaceId
if PlaceId == 4042427666 then
game.Players.LocalPlayer.Character.HumanoidRootPart.CFrame = CFrame.new(1053.83838, 251.224792, -592.651001, 0.996035516, -4.34864766e-08, 0.0889562815, 3.93981416e-08, 1, 4.77147921e-08, -0.0889562815, -4.40209149e-08, 0.996035516)
else
wait()
game.StarterGui:SetCore("SendNotification", {
Title = "IDIOT";
Text = "ONLY IN DIM 1";
Icon = "rbxassetid://4257933480";
Duration = 5;
})
end
---
      		print("button pressed")
  	end    
})
---
Tab:AddButton({
	Name = "1B Chakra",
	Callback = function()
---
repeat wait() until game:IsLoaded()
local PlaceId = game.PlaceId
if PlaceId == 4042427666 then
game.Players.LocalPlayer.Character.HumanoidRootPart.CFrame = CFrame.new(3084.27271, 111.305382, 1123.43506, 0.441951185, -3.11269801e-08, -0.897039115, -4.29025242e-08, 1, -5.58368107e-08, 0.897039115, 6.31623891e-08, 0.441951185)
else
wait()
game.StarterGui:SetCore("SendNotification", {
Title = "IDIOT";
Text = "ONLY IN DIM 1";
Icon = "rbxassetid://4257933480";
Duration = 5;
})
end
---
      		print("button pressed")
  	end    
})
---
Tab:AddButton({
	Name = "100B Chakra",
	Callback = function()
---
repeat wait() until game:IsLoaded()
local PlaceId = game.PlaceId
if PlaceId == 4042427666 then
game.Players.LocalPlayer.Character.HumanoidRootPart.CFrame = CFrame.new(1569.75879, 993.864319, 1921.62988, -0.0795580223, -5.67861029e-08, -0.996830225, -1.68981484e-09, 1, -5.68318086e-08, 0.996830225, -2.83696777e-09, -0.0795580223)
else
wait()
game.StarterGui:SetCore("SendNotification", {
Title = "IDIOT";
Text = "ONLY IN DIM 1";
Icon = "rbxassetid://4257933480";
Duration = 5;
})
end
---
      		print("button pressed")
  	end    
})
---
local Section = Tab:AddSection({
	Name = "Dimension 2"
})
---
Tab:AddButton({
	Name = "1T Chakra",
	Callback = function()
---
repeat wait() until game:IsLoaded()
local PlaceId = game.PlaceId
if PlaceId == 5113678354 then
game.Players.LocalPlayer.Character.HumanoidRootPart.CFrame = CFrame.new(187.218857, 59.0293236, 1414.96155, -0.98870039, -1.1718063e-08, 0.149904937, -1.96523295e-08, 1, -5.14472873e-08, -0.149904937, -5.3811938e-08, -0.98870039)
else
wait()
game.StarterGui:SetCore("SendNotification", {
Title = "IDIOT";
Text = "ONLY IN DIM 2";
Icon = "rbxassetid://57254792";
Duration = 5;
})
end
---
      		print("button pressed")
  	end    
})
---
Tab:AddButton({
	Name = "100T Chakra",
	Callback = function()
---
repeat wait() until game:IsLoaded()
local PlaceId = game.PlaceId
if PlaceId == 5113678354 then
game.Players.LocalPlayer.Character.HumanoidRootPart.CFrame = CFrame.new(2585.90698, 79.3531036, 896.0578, 0.999974668, -2.66862301e-08, -0.00711620506, 2.62744795e-08, 1, -5.79542601e-08, 0.00711620506, 5.7765817e-08, 0.999974668)
else
wait()
game.StarterGui:SetCore("SendNotification", {
Title = "IDIOT";
Text = "ONLY IN DIM 2";
Icon = "rbxassetid://57254792";
Duration = 5;
})
end
---
      		print("button pressed")
  	end    
})
---
Tab:AddButton({
	Name = "1QD Chakra",
	Callback = function()
---
repeat wait() until game:IsLoaded()
local PlaceId = game.PlaceId
if PlaceId == 5113678354 then
game.Players.LocalPlayer.Character.HumanoidRootPart.CFrame = CFrame.new(-1448.5802, 1877.35498, 1415.54675, 0.790223777, 4.65454733e-08, 0.61281842, 2.35627287e-08, 1, -1.06337048e-07, -0.61281842, 9.84697337e-08, 0.790223777)
else
wait()
game.StarterGui:SetCore("SendNotification", {
Title = "IDIOT";
Text = "ONLY IN DIM 2";
Icon = "rbxassetid://57254792";
Duration = 5;
})
end
---
      		print("button pressed")
  	end    
})
---
Tab:AddButton({
	Name = "100QD Chakra",
	Callback = function()
---
repeat wait() until game:IsLoaded()
local PlaceId = game.PlaceId
if PlaceId == 5113678354 then
game.Players.LocalPlayer.Character.HumanoidRootPart.CFrame = CFrame.new(2994.10205, 2027.01086, 825.305786, -0.91466707, -3.85750241e-08, 0.404208034, -2.14871747e-08, 1, 4.68110741e-08, -0.404208034, 3.41312614e-08, -0.91466707)
else
wait()
game.StarterGui:SetCore("SendNotification", {
Title = "IDIOT";
Text = "ONLY IN DIM 2";
Icon = "rbxassetid://57254792";
Duration = 5;
})
end
---
      		print("button pressed")
  	end    
})
---
local Section = Tab:AddSection({
	Name = "Dimension 3"
})
---
Tab:AddButton({
	Name = "1000QD Chakra",
	Callback = function()
---
repeat wait() until game:IsLoaded()
local PlaceId = game.PlaceId
if PlaceId == 5113680396 then
game.Players.LocalPlayer.Character.HumanoidRootPart.CFrame = CFrame.new(340.853973, -151.067474, -232.002121, -0.0776342079, 1.26925386e-08, 0.996981919, -4.67404382e-09, 1, -1.3094926e-08, -0.996981919, -5.67655123e-09, -0.0776342079)
else
wait()
game.StarterGui:SetCore("SendNotification", {
Title = "IDIOT";
Text = "ONLY IN DIM 3";
Icon = "rbxassetid://57254792";
Duration = 5;
})
end
---
      		print("button pressed")
  	end    
})
---
Tab:AddButton({
	Name = "100QN Chakra",
	Callback = function()
---
repeat wait() until game:IsLoaded()
local PlaceId = game.PlaceId
if PlaceId == 5113680396 then
game.Players.LocalPlayer.Character.HumanoidRootPart.CFrame = CFrame.new(-1618.24927, 407.329712, 177.125656, 0.81372124, 4.0116892e-09, -0.581255317, -1.98581613e-08, 1, -2.08984225e-08, 0.581255317, 2.85481523e-08, 0.81372124)
else
wait()
game.StarterGui:SetCore("SendNotification", {
Title = "IDIOT";
Text = "ONLY IN DIM 3";
Icon = "rbxassetid://57254792";
Duration = 5;
})
end
---
      		print("button pressed")
  	end    
})
---
Tab:AddButton({
	Name = "1000QN Chakra",
	Callback = function()
---
repeat wait() until game:IsLoaded()
local PlaceId = game.PlaceId
if PlaceId == 5113680396 then
game.Players.LocalPlayer.Character.HumanoidRootPart.CFrame = CFrame.new(3852.7124, 475.003479, 153.148987, -0.877694249, 3.35249339e-08, 0.479220986, 8.05184186e-08, 1, 7.75125031e-08, -0.479220986, 1.06618394e-07, -0.877694249)
else
wait()
game.StarterGui:SetCore("SendNotification", {
Title = "IDIOT";
Text = "ONLY IN DIM 3";
Icon = "rbxassetid://57254792";
Duration = 5;
})
end
---
      		print("button pressed")
  	end    
})
---
Tab:AddButton({
	Name = "100SX Chakra",
	Callback = function()
---
repeat wait() until game:IsLoaded()
local PlaceId = game.PlaceId
if PlaceId == 5113680396 then
game.Players.LocalPlayer.Character.HumanoidRootPart.CFrame = CFrame.new(-397.926849, 612.974854, 1305.15857, -0.755392253, -3.34700623e-09, -0.655272841, -3.7682395e-09, 1, -7.63815122e-10, 0.655272841, 1.89224503e-09, -0.755392253)
else
wait()
game.StarterGui:SetCore("SendNotification", {
Title = "IDIOT";
Text = "ONLY IN DIM 3";
Icon = "rbxassetid://57254792";
Duration = 5;
})
end
---
      		print("button pressed")
  	end    
})
---
Tab:AddButton({
	Name = "1000SX Chakra",
	Callback = function()
---
repeat wait() until game:IsLoaded()
local PlaceId = game.PlaceId
if PlaceId == 5113680396 then
game.Players.LocalPlayer.Character.HumanoidRootPart.CFrame = CFrame.new(2127.57593, 105.656448, -1185.42664, 0.999736011, 5.10471061e-08, -0.0229764767, -4.97040098e-08, 1, 5.90263269e-08, 0.0229764767, -5.78687214e-08, 0.999736011)
else
wait()
game.StarterGui:SetCore("SendNotification", {
Title = "IDIOT";
Text = "ONLY IN DIM 3";
Icon = "rbxassetid://57254792";
Duration = 5;
})
end
---
      		print("button pressed")
  	end    
})
---
local Section = Tab:AddSection({
	Name = "Dimension 4"
})
---
Tab:AddButton({
	Name = "100SP Chakra",
	Callback = function()
---
repeat wait() until game:IsLoaded()
local PlaceId = game.PlaceId
if PlaceId == 5445525505 then
game.Players.LocalPlayer.Character.HumanoidRootPart.CFrame = CFrame.new(-1054.28455, 119.409714, 1634.849, 0.4312222, -4.0358703e-09, 0.90224576, 1.45566914e-09, 1, 3.77741172e-09, -0.90224576, -3.15532434e-10, 0.4312222)
else
wait()
game.StarterGui:SetCore("SendNotification", {
Title = "IDIOT";
Text = "ONLY IN DIM 4";
Icon = "rbxassetid://57254792";
Duration = 5;
})
end
---
      		print("button pressed")
  	end    
})
---
Tab:AddButton({
	Name = "1000SP Chakra",
	Callback = function()
---
repeat wait() until game:IsLoaded()
local PlaceId = game.PlaceId
if PlaceId == 5445525505 then
game.Players.LocalPlayer.Character.HumanoidRootPart.CFrame = CFrame.new(1218.9115, 823.387207, -906.886169, 0.549939573, -3.22304174e-08, -0.835204422, -3.96170519e-09, 1, -4.11984367e-08, 0.835204422, 2.5965484e-08, 0.549939573)
else
wait()
game.StarterGui:SetCore("SendNotification", {
Title = "IDIOT";
Text = "ONLY IN DIM 4";
Icon = "rbxassetid://57254792";
Duration = 5;
})
end
---
      		print("button pressed")
  	end    
})
---
Tab:AddButton({
	Name = "100OC Chakra",
	Callback = function()
---
repeat wait() until game:IsLoaded()
local PlaceId = game.PlaceId
if PlaceId == 5445525505 then
game.Players.LocalPlayer.Character.HumanoidRootPart.CFrame = CFrame.new(80.9256592, 108.867615, 2363.26245, 0.0502968542, -2.7737006e-09, 0.998734295, -8.69496546e-08, 1, 7.1560522e-09, -0.998734295, -8.71995312e-08, 0.0502968542)
else
wait()
game.StarterGui:SetCore("SendNotification", {
Title = "IDIOT";
Text = "ONLY IN DIM 4";
Icon = "rbxassetid://57254792";
Duration = 5;
})
end
---
      		print("button pressed")
  	end    
})
---
Tab:AddButton({
	Name = "1000OC Chakra",
	Callback = function()
---
repeat wait() until game:IsLoaded()
local PlaceId = game.PlaceId
if PlaceId == 5445525505 then
game.Players.LocalPlayer.Character.HumanoidRootPart.CFrame = CFrame.new(-575.880676, 134.772873, 2222.77148, 0.800295234, -2.27591137e-08, 0.599606156, 2.11655493e-08, 1, 9.70708047e-09, -0.599606156, 4.92246288e-09, 0.800295234)
else
wait()
game.StarterGui:SetCore("SendNotification", {
Title = "IDIOT";
Text = "ONLY IN DIM 4";
Icon = "rbxassetid://57254792";
Duration = 5;
})
end
---
      		print("button pressed")
  	end    
})
---
local Section = Tab:AddSection({
	Name = "Dimension 5"
})
---
Tab:AddButton({
	Name = "100N Chakra",
	Callback = function()
---
repeat wait() until game:IsLoaded()
local PlaceId = game.PlaceId
if PlaceId == 6479720355 then
game.Players.LocalPlayer.Character.HumanoidRootPart.CFrame = CFrame.new(1524.47327, 369.350281, 1101.20288, 0.236751959, 8.92947369e-08, -0.971570134, 1.27590374e-08, 1, 9.50167802e-08, 0.971570134, -3.48917091e-08, 0.236751959)
else
wait()
game.StarterGui:SetCore("SendNotification", {
Title = "IDIOT";
Text = "ONLY IN DIM 5";
Icon = "rbxassetid://57254792";
Duration = 5;
})
end
---
      		print("button pressed")
  	end    
})
---
Tab:AddButton({
	Name = "1000N Chakra",
	Callback = function()
---
repeat wait() until game:IsLoaded()
local PlaceId = game.PlaceId
if PlaceId == 6479720355 then
game.Players.LocalPlayer.Character.HumanoidRootPart.CFrame = CFrame.new(1396.65479, -459.775208, 212.587738, -0.995025694, -3.68541286e-09, -0.0996185914, 3.07030068e-09, 1, -6.76624765e-08, 0.0996185914, -6.76317669e-08, -0.995025694)
else
wait()
game.StarterGui:SetCore("SendNotification", {
Title = "IDIOT";
Text = "ONLY IN DIM 5";
Icon = "rbxassetid://57254792";
Duration = 5;
})
end
---
      		print("button pressed")
  	end    
})
---
Tab:AddButton({
	Name = "100DE Chakra",
	Callback = function()
---
repeat wait() until game:IsLoaded()
local PlaceId = game.PlaceId
if PlaceId == 6479720355 then
game.Players.LocalPlayer.Character.HumanoidRootPart.CFrame = CFrame.new(297.290344, -121.46563, -806.438293, 0.768178582, -5.57743185e-10, -0.640235662, -3.75983411e-10, 1, -1.32227185e-09, 0.640235662, 1.25645894e-09, 0.768178582)
else
wait()
game.StarterGui:SetCore("SendNotification", {
Title = "IDIOT";
Text = "ONLY IN DIM 5";
Icon = "rbxassetid://57254792";
Duration = 5;
})
end
---
      		print("button pressed")
  	end    
})
---
Tab:AddButton({
	Name = "1000DE Chakra",
	Callback = function()
---
repeat wait() until game:IsLoaded()
local PlaceId = game.PlaceId
if PlaceId == 6479720355 then
game.Players.LocalPlayer.Character.HumanoidRootPart.CFrame = CFrame.new(2195.40601, 801.85144, 246.11824, -0.0841863379, -7.85815679e-09, 0.996450007, 6.28485992e-08, 1, 1.31959963e-08, -0.996450007, 6.37364153e-08, -0.0841863379)
else
wait()
game.StarterGui:SetCore("SendNotification", {
Title = "IDIOT";
Text = "ONLY IN DIM 5";
Icon = "rbxassetid://57254792";
Duration = 5;
})
end
---
      		print("button pressed")
  	end    
})
---
Tab:AddButton({
	Name = "100UD Chakra",
	Callback = function()
---
repeat wait() until game:IsLoaded()
local PlaceId = game.PlaceId
if PlaceId == 6479720355 then
game.Players.LocalPlayer.Character.HumanoidRootPart.CFrame = CFrame.new(-288.779602, -311.512634, 613.309143, -0.151631951, 8.70668089e-08, 0.988436997, 2.0647688e-08, 1, -8.49178647e-08, -0.988436997, 7.53267759e-09, -0.151631951)
else
wait()
game.StarterGui:SetCore("SendNotification", {
Title = "IDIOT";
Text = "ONLY IN DIM 5";
Icon = "rbxassetid://57254792";
Duration = 5;
})
end
---
      		print("button pressed")
  	end    
})
---
local Section = Tab:AddSection({
	Name = "Dimension 6"
})
---
Tab:AddButton({
	Name = "1DD Chakra",
	Callback = function()
---
repeat wait() until game:IsLoaded()
local PlaceId = game.PlaceId
if PlaceId == 9386500519 then
game.Players.LocalPlayer.Character.HumanoidRootPart.CFrame = CFrame.new(318.869659, 317.253906, 613.856201, -0.999362409, 2.35590214e-09, -0.0357041396, 5.83729198e-09, 1, -9.74023706e-08, 0.0357041396, -9.75486856e-08, -0.999362409)
else
wait()
game.StarterGui:SetCore("SendNotification", {
Title = "IDIOT";
Text = "ONLY IN DIM 6";
Icon = "rbxassetid://57254792";
Duration = 5;
})
end
---
      		print("button pressed")
  	end    
})
---
Tab:AddButton({
	Name = "100DD Chakra",
	Callback = function()
---
repeat wait() until game:IsLoaded()
local PlaceId = game.PlaceId
if PlaceId == 9386500519 then
game.Players.LocalPlayer.Character.HumanoidRootPart.CFrame = CFrame.new(2369.49438, 304.328918, -88.5062637, 0.0596084855, -2.37664963e-08, 0.998221815, 3.51299008e-08, 1, 2.17110614e-08, -0.998221815, 3.37732722e-08, 0.0596084855)
else
wait()
game.StarterGui:SetCore("SendNotification", {
Title = "IDIOT";
Text = "ONLY IN DIM 6";
Icon = "rbxassetid://57254792";
Duration = 5;
})
end
---
      		print("button pressed")
  	end    
})
---
local Tab = Window:MakeTab({
	Name = "Visual Menu",
	Icon = "rbxassetid://7743878618",
	PremiumOnly = false
})
---
local Section = Tab:AddSection({
	Name = "Visual TP"
})
---
Tab:AddButton({
	Name = "999.99Ggp",
	Callback = function()
---
local Character = game.Players.LocalPlayer.Character
for _, v in pairs(Character:GetChildren()) do
if v.Name == "HumanoidRootPart"
then for _, v2 in pairs(v:GetChildren()) do
if v2.Name == "TotalPower"
then for _, v3 in pairs(v2:GetChildren()) do
if v3.Name == "Num" then
v3.Text = "999.99Ggp"
end
end
end
end
end
end
---
      		print("button pressed")
  	end    
})
---
Tab:AddButton({
	Name = "999.99L",
	Callback = function()
---
local Character = game.Players.LocalPlayer.Character
for _, v in pairs(Character:GetChildren()) do
if v.Name == "HumanoidRootPart"
then for _, v2 in pairs(v:GetChildren()) do
if v2.Name == "TotalPower"
then for _, v3 in pairs(v2:GetChildren()) do
if v3.Name == "Num" then
v3.Text = "999.99L"
end
end
end
end
end
end
---
      		print("button pressed")
  	end    
})
---
Tab:AddButton({
	Name = "999.99FUCK",
	Callback = function()
---
local Character = game.Players.LocalPlayer.Character
for _, v in pairs(Character:GetChildren()) do
if v.Name == "HumanoidRootPart"
then for _, v2 in pairs(v:GetChildren()) do
if v2.Name == "TotalPower"
then for _, v3 in pairs(v2:GetChildren()) do
if v3.Name == "Num" then
v3.Text = "999.99FUCK"
end
end
end
end
end
end
---
      		print("button pressed")
  	end    
})
---
Tab:AddButton({
	Name = "999.99XD",
	Callback = function()
---
